camera_matrix:
- [601.747179645765, 0.0, 330.99615483050883]
- [0.0, 603.2410634841325, 233.0806738120051]
- [0.0, 0.0, 1.0]
dist_coeff:
- [0.04063479582324852, -0.157228714892788, -0.0010692832236216757, 0.0012499545391164693,
  0.151090204334509]
