camera_matrix:
- [570.3422241210938, 0.0, 319.5] 
- [0.0, 570.3422241210938, 239.5] 
- [0.0, 0.0, 1.0]
dist_coeff:
- [0.0, 0.0, 0.0, 0.0, 0.0]
